
PRIME_MPI VERSION

  Tabla de NUMEROS PRIMOS del  1 al N.

       N      Pi        Tiempo

         1         0        0.004750
         2         1        0.000002
         4         2        0.000001
         8         4        0.000001
        16         6        0.000002
        32        11        0.000003
        64        18        0.000005
       128        31        0.000015
       256        54        0.000048
       512        97        0.000168
      1024       172        0.000588
      2048       309        0.002060
      4096       564        0.007524
      8192      1028        0.026996
     16384      1900        0.082488
     32768      3512        0.250621
     65536      6542        0.933271
    131072     12251        3.129216
    262144     23000       11.312665
    524288     43390       42.856390

MPI_Prime:
  Ejecucion normal.

58.752606 segundos de ejecucion 
05 August 2020 10:20:32 PM
